IDP: ID000192C02
Accuracy: 0.897898
Precision: 0.882141
Recall: 0.897898
F1-Score: 0.885428
